name	group	N	mean	sd	se
1	pan	500	7402.446	648.52222570894	29.002795632093
2	pan	500	9808.968	870.539994912056	38.9317321151136
3	pan	500	11558.598	933.205925288726	41.7342377190236
4	pan	500	12944.178	989.336312380167	44.2444649418204
5	pan	500	14273.784	1008.57124947846	45.1046774797149
6	pan	500	15342.056	1022.12417862854	45.7107828971912
7	pan	500	16380.836	1093.01975713295	48.8813295539916
8	pan	500	17258.428	1106.74754713176	49.4952549863553
9	pan	500	18101.418	1084.15519380045	48.4848942299452
10	pan	500	18937.078	1070.46587160944	47.8726891302455
11	pan	500	19737.86	1139.29333140767	50.9507467067948
12	pan	500	20427.902	1211.0416707333	54.1594299868916
13	pan	500	21098.208	1165.09414446513	52.1045941442198
14	pan	500	21771.882	1180.10550124306	52.7759224280188
15	pan	500	22435.472	1172.02688161939	52.4146355751612
16	pan	500	23067.154	1302.85921055541	58.265635198272
17	pan	500	23686.164	1241.11995657035	55.5045718224579
18	pan	500	24302.238	1328.02438188226	59.3910558733173
19	pan	500	24778.892	1262.03354697225	56.4398560183026
20	pan	500	25419.278	1341.27867114307	59.9838057089299
21	pan	500	25912.016	1327.89287622362	59.3851747614748
22	pan	500	26432.952	1333.73003313961	59.6462203546645
23	pan	500	26980.306	1298.62893645305	58.0764515891456
24	pan	500	27512.384	1313.10045852263	58.7236377308549
25	pan	500	28028.862	1286.61547702779	57.5391933507493
26	pan	500	28500.56	1350.55715304732	60.3987520342481
27	pan	500	28793.846	1304.93401974037	58.3584234858302
28	pan	500	29222.148	1294.93214363117	57.9111259881764
29	pan	500	29855.414	1369.51694839746	61.2466598590959
30	pan	500	30221.592	1428.80256265942	63.8979931306473
31	pan	500	30616.554	1427.98285885173	63.8613348619389
32	pan	500	31132.662	1402.23325590428	62.7097776102567
33	pan	500	31550.794	1377.8668635799	61.6200794181816
34	pan	500	31859.71	1394.27723783036	62.3539736653866
35	pan	500	32424.66	1376.7890807039	61.5718795026673
36	pan	500	32795.572	1342.23804996787	60.0267104342985
37	pan	500	33046.924	1452.48788371148	64.9572328894736
38	pan	500	33547.324	1425.94738715208	63.7703058002053
39	pan	500	34023.976	1505.71285370739	67.3375259096982
40	pan	500	34219.79	1316.41974148504	58.872080577665
41	pan	500	34727.386	1494.74269774732	66.8469256206886
42	pan	500	35175.464	1448.27970949602	64.769037617335
43	pan	500	35442	1500.40043819972	67.0999474657007
44	pan	500	35972.49	1354.71004444088	60.5844749834315
45	pan	500	36116.684	1438.85589574545	64.3475918542636
46	pan	500	36447.756	1410.32081672085	63.0714643254166
47	pan	500	36788.92	1416.76841406002	63.3598096442557
48	pan	500	37236.684	1476.8936637185	66.0486925522658
49	pan	500	37576.116	1416.5764307344	63.351223888923
50	pan	500	37946.204	1391.41947906353	62.2261708080681
51	pan	500	38264.856	1487.6775727236	66.5309636242369
52	pan	500	38656.418	1464.18776627378	65.4804675442351
53	pan	500	38950.836	1367.24886689734	61.1452281708403
54	pan	500	39261.428	1463.16843067675	65.4348814704979
55	pan	500	39543.088	1487.17658421631	66.5085587370721
56	pan	500	39814.96	1461.89495522771	65.3779299170636
57	pan	500	40297.83	1436.48719870526	64.2416605022642
58	pan	500	40490.712	1418.84234651512	63.4525587232624
59	pan	500	40788.218	1422.22951596011	63.6040375458687
60	pan	500	41180.438	1438.86498151357	64.3479981821665
61	pan	500	41459.89	1434.26742135905	64.1423890414435
62	pan	500	41717.938	1543.12045402401	69.0104446533603
63	pan	500	41960.028	1533.14099738142	68.5641497847338
64	pan	500	42255.108	1490.68641783866	66.665523268458
65	pan	500	42593.912	1508.8309998898	67.4769736462515
66	pan	500	42905.442	1477.29680780563	66.0667217039366
67	pan	500	43301.124	1423.10880890675	63.6433607218848
68	pan	500	43583.944	1489.96748793193	66.6333717456079
69	pan	500	43847.356	1416.84169123443	63.3630866991191
70	pan	500	44119.896	1394.04974033966	62.3437996683083
71	pan	500	44370.294	1447.84765124181	64.7497153848017
72	pan	500	44587.548	1476.28021128119	66.0212581252499
73	pan	500	45028.13	1516.61500164889	67.8250847876573
74	pan	500	45225.924	1492.35537300694	66.7401612126115
75	pan	500	45466.21	1463.70115256771	65.458705517724
76	pan	500	45812.948	1464.41297591357	65.4905392255102
77	pan	500	45987.21	1483.87583202562	66.3609446115671
78	pan	500	46278.306	1555.06599501813	69.5446654871777
79	pan	500	46621.886	1519.99335412929	67.9761693036198
80	pan	500	46851.704	1533.89757543581	68.5979849839316
81	pan	500	47097.854	1493.00055123096	66.7690144599417
82	pan	500	47408.8	1491.54572215624	66.7039525258071
83	pan	500	47674.512	1489.27567829059	66.6024330778973
84	pan	500	47918.484	1466.04486727034	65.5635196256226
85	pan	500	48256.92	1469.36943982832	65.7121990303384
86	pan	500	48393.44	1488.08229484544	66.5490633477657
87	pan	500	48703.142	1460.69464005965	65.3242501908594
88	pan	500	48994.13	1485.0194026856	66.4120866462228
89	pan	500	49130.776	1443.37882438581	64.5498633722082
90	pan	500	49428.87	1504.96653306021	67.3041494356962
91	pan	500	49584.374	1481.20455440428	66.241481444605
92	pan	500	49892.554	1465.88875798458	65.5565382061251
93	pan	500	50290.21	1499.52695610455	67.0608841588622
94	pan	500	50544.406	1453.57991810586	65.0060701522656
95	pan	500	50771.646	1538.17779809784	68.7894023605544
96	pan	500	50992.828	1493.20574510361	66.7781910088978
97	pan	500	51231.74	1424.28382608049	63.6959090873891
98	pan	500	51328.904	1448.37102153282	64.7731212157641
99	pan	500	51585.762	1455.22432946062	65.0796104637099
100	pan	500	51858.688	1501.36618434511	67.1431369463029
101	pan	500	52035.04	1495.79378809815	66.8939318101878
102	pan	500	52370.112	1476.24808221942	66.0198212699264
103	pan	500	52632.662	1483.85319096624	66.3599320726096
104	pan	500	52813.852	1467.95663541636	65.6490164962572
105	pan	500	53123.22	1516.23741128319	67.8081984331504
106	pan	500	53342.686	1468.6732426211	65.6810641447165
107	pan	500	53421.002	1424.16738041949	63.6907014791155
108	pan	500	53704.9	1432.91566835779	64.0819368094512
109	pan	500	53930.55	1420.27722444901	63.5167284152541
110	pan	500	54214.866	1464.91929645775	65.5131825686139
111	pan	500	54422.114	1463.5385773319	65.4514349321492
112	pan	500	54659.748	1397.62521334224	62.5036996820179
113	pan	500	54988.424	1360.77296208172	60.8556169031695
114	pan	500	55099.47	1482.37436723294	66.2937970647218
115	pan	500	55284.39	1443.82564698713	64.5698458864166
116	pan	500	55495.208	1482.41742284929	66.2957225704213
117	pan	500	55788.746	1444.79008935159	64.612977060163
118	pan	500	55869.154	1475.4049918799	65.9821171237196
119	pan	500	56242.334	1408.37754066091	62.9845583780354
120	pan	500	56516.092	1359.61924984353	60.8040213233482
121	pan	500	56540.954	1487.98119206524	66.5445418939807
122	pan	500	56875.91	1426.12434492732	63.7782195924971
123	pan	500	57082.52	1454.49103467154	65.0468165237912
124	pan	500	57287.302	1439.72135009795	64.3862961495357
125	pan	500	57483.638	1452.40718816607	64.9536240749733
126	pan	500	57766.652	1474.05771229431	65.9218649489583
127	pan	500	58026.666	1308.79432594248	58.5310616274682
128	pan	500	58175.824	1506.66124302262	67.379939169258
129	pan	500	58346.714	1434.11457751705	64.1355536570301
130	pan	500	58686.266	1407.82480892661	62.9598394634112
131	pan	500	58703.49	1456.93990599453	65.1563333787186
132	pan	500	58956.028	1440.82151305461	64.435496932684
133	pan	500	59290.478	1446.11482174527	64.6722208938481
134	pan	500	59369.672	1389.70222312332	62.1493727877266
135	pan	500	59556.698	1366.22157411422	61.0992862409235
136	pan	500	59814.124	1481.54828719099	66.2568536421487
137	pan	500	59995.564	1421.46382603338	63.5697948513513
138	pan	500	60249.788	1402.07343991598	62.7026304219821
139	pan	500	60430.824	1368.31986154957	61.1931245077586
140	pan	500	60663.028	1402.57526356196	62.7250726576847
141	pan	500	60881.568	1361.51032537701	60.8885927922171
142	pan	500	61020.132	1372.22521718169	61.3677773211535
143	pan	500	61335.304	1423.81759951807	63.6750588016595
144	pan	500	61451.626	1296.81571246967	57.9953617474401
145	pan	500	61780.656	1304.94668449049	58.3589898706742
146	pan	500	61882.51	1424.42954088079	63.7024256513654
147	pan	500	62045.318	1333.45628357153	59.6339779018035
148	pan	500	62241.932	1414.75508384686	63.2697707799
149	pan	500	62398.508	1362.69726557707	60.9416743716682
150	pan	500	62651.734	1426.09478082341	63.7768974455764
151	pan	500	62796.492	1418.27822523804	63.4273304528004
152	pan	500	63004.058	1333.17157768499	59.6212454674857
153	pan	500	63281.596	1380.93539817468	61.7573084570865
154	pan	500	63334.796	1300.52418073381	58.1612094900604
155	pan	500	63593.172	1353.82789983837	60.5450242774873
156	pan	500	63802.042	1303.21101673685	58.2813684490042
157	pan	500	64046.77	1369.6781028076	61.2538669034147
158	pan	500	64224.178	1278.90400626101	57.1943258939287
159	pan	500	64375.236	1264.45540975969	56.5481650148003
160	pan	500	64608.484	1320.06078295106	59.0349129022034
161	pan	500	64653.436	1316.72118813307	58.8855616815966
162	pan	500	64978.796	1320.23721770219	59.0428033041456
163	pan	500	65022.842	1297.69149780792	58.0345280584406
164	pan	500	65224.13	1266.90437622458	56.6576861246026
165	pan	500	65567.216	1240.68851906782	55.4852773507837
166	pan	500	65694.482	1224.93498321429	54.7807578096945
167	pan	500	65839.504	1295.23397735552	57.9246244026872
168	pan	500	66106.304	1295.9345617587	57.9559554896772
169	pan	500	66218.284	1224.48385402239	54.7605826988998
170	pan	500	66397.496	1328.20484195337	59.399126293042
171	pan	500	66626.66	1300.85177444556	58.1758599262298
172	pan	500	66732.588	1270.02634622129	56.7973048673296
173	pan	500	66895.526	1166.86084250675	52.1836032825552
174	pan	500	67132.384	1165.1406653637	52.1066746220514
175	pan	500	67306.672	1228.87595331395	54.957003350497
176	pan	500	67460.656	1272.10984454062	56.8904817447902
177	pan	500	67661.168	1200.8671498543	53.704411580413
178	pan	500	67789.026	1227.31231737188	54.8870754253266
179	pan	500	68081.468	1202.31817209502	53.7693032677549
180	pan	500	68279.392	1236.97382625085	55.3191512376981
181	pan	500	68486.974	1126.51596071404	50.3793253179017
182	pan	500	68614.786	1185.2552925091	53.0062280948351
183	pan	500	68832.778	1215.12065950271	54.3418479102487
184	pan	500	68987.674	1155.15304476839	51.6600146503594
185	pan	500	69189.9	1118.12805648611	50.0042068370533
186	pan	500	69301.68	1161.24915535022	51.9326410035462
187	pan	500	69520.172	1155.32603489657	51.6677510040803
188	pan	500	69744.354	1206.42086989352	53.9527814911266
189	pan	500	69858.99	1083.58813411221	48.4595345497411
190	pan	500	70037.858	1119.57959018263	50.0691213973944
191	pan	500	70234.7	1163.91534738216	52.051876736036
192	pan	500	70320.416	1152.4219903454	51.5378781835586
193	pan	500	70548.116	1114.76545451551	49.8538267053024
194	pan	500	70766.13	1162.24139800408	51.97701544403
195	pan	500	70899.604	1147.55587757997	51.3202590049648
196	pan	500	70979.858	1164.63006324086	52.0838398009288
197	pan	500	71247.754	1124.82917406407	50.3038899256439
198	pan	500	71537.848	1088.99456712624	48.7013175844445
199	pan	500	71513.282	1107.1544103026	49.5134504605063
200	pan	500	71717.484	1125.49519973799	50.3336754992771
201	pan	500	71934.256	1062.68726298088	47.5248191769691
202	pan	500	72070.694	1064.51213263403	47.6064298288593
203	pan	500	72268.892	1095.36681584687	48.986293210622
204	pan	500	72453.354	1070.66309528779	47.8815092412765
205	pan	500	72555.084	1029.6774038776	46.0485733993163
206	pan	500	72810.804	1010.7373276351	45.2015474397713
207	pan	500	72983.774	1018.55391564814	45.5511158827567
208	pan	500	73169.392	1069.59691541202	47.8338282277076
209	pan	500	73334.978	1062.08134107804	47.4977215256928
210	pan	500	73494.862	1023.56535650347	45.7752343311111
211	pan	500	73631.646	1073.1951100207	47.9947443825331
212	pan	500	73691.518	1053.01390410596	47.0922134166675
213	pan	500	74002.106	1007.90271680211	45.0747797895247
214	pan	500	74102.8	1080.78783704175	48.3343014576066
215	pan	500	74208.002	1000.48408222899	44.7430083654103
216	pan	500	74414.54	1013.02932693702	45.3040487646406
217	pan	500	74599.716	1016.28361204154	45.4495848188783
218	pan	500	74735.718	1036.12362525406	46.336857183232
219	pan	500	74981.8	954.843679827128	42.7019075195901
220	pan	500	75114.374	944.335602200386	42.2319720018653
221	pan	500	75265.694	966.41766673481	43.2195119495155
222	pan	500	75477.86	914.480491612084	40.8968108668409
223	pan	500	75613.79	915.380288210363	40.9370509940344
224	pan	500	75786.82	938.703670367557	41.9801043534083
225	pan	500	75867.944	905.535033146986	40.4967578024837
226	pan	500	76058.09	928.370994434129	41.5180130378758
227	pan	500	76218.024	931.987345540967	41.6797411759837
228	pan	500	76431.592	909.959076320004	40.6946070278889
229	pan	500	76536.182	931.664427832348	41.6652998570315
230	pan	500	76748.138	864.85564201145	38.6775201252365
231	pan	500	76911.134	848.811974219944	37.9600254894319
232	pan	500	77050.81	894.345141634218	39.9963306408158
233	pan	500	77228.464	829.160741820035	37.081195659675
234	pan	500	77391.834	850.658678212146	38.0426126026496
235	pan	500	77534.096	845.871484281058	37.8285227816218
236	pan	500	77670.826	905.580135873672	40.4987748577405
237	pan	500	77814.978	828.218745318042	37.0390682954146
238	pan	500	78040.056	818.905533874831	36.6225688178976
239	pan	500	78133.994	829.033656476709	37.0755122303426
240	pan	500	78407.476	759.784679328219	33.9786038248155
241	pan	500	78450.68	789.802858129431	35.3210575920206
242	pan	500	78649.376	742.015625847599	33.1839475952456
243	pan	500	78750.054	779.114652903369	34.8430665231617
244	pan	500	78997.928	760.8525744822	34.0263615479584
245	pan	500	79099.43	679.763215508398	30.3999351696123
246	pan	500	79250.376	731.377193945537	32.7081824571054
247	pan	500	79421.542	708.561878813852	31.6878505458548
248	pan	500	79533.644	743.217212471447	33.2376841826812
249	pan	500	79748.554	696.827381697768	31.1630678811881
250	pan	500	79858.43	726.221390566425	32.477607920419
251	pan	500	80043.058	685.037329582734	30.6358007214384
252	pan	500	80200.678	681.628318547059	30.4833451132021
253	pan	500	80370.126	650.974597028142	29.1124690116092
254	pan	500	80484.456	635.818816329304	28.4346818937155
255	pan	500	80670.774	606.280078834843	27.1136693935728
256	pan	500	80830.506	602.214731744633	26.931861544656
257	pan	500	80958.926	602.870455484586	26.9611864017959
258	pan	500	81113.776	582.529569397507	26.0515143215301
259	pan	500	81310.44	566.507319888255	25.3349775404271
260	pan	500	81400.766	553.332599052639	24.7457861129667
261	pan	500	81568.106	533.250446639929	23.8476849543801
262	pan	500	81709.288	533.500529226889	23.8588689876687
263	pan	500	81850.354	533.344107080142	23.8518735766025
264	pan	500	82037.926	474.959186648668	21.2408205576886
265	pan	500	82141.776	480.917407597042	21.5072802989992
266	pan	500	82297.656	466.219406217145	20.8499656946225
267	pan	500	82417.07	469.872874441878	21.0133537607052
268	pan	500	82615.124	399.097349041589	17.8481760419391
269	pan	500	82772.146	375.334438288215	16.785466366183
270	pan	500	82887.594	375.902901220904	16.8108888013866
271	pan	500	83046.992	364.4902278366	16.3004985315405
272	pan	500	83171.986	344.05070495373	15.3864152796653
273	pan	500	83341.388	295.649635328271	13.2218536423407
274	pan	500	83488.518	271.890954351402	12.1593331279405
275	pan	500	83643.874	197.883910938754	8.84963753025137
276	pan	500	83784.002	188.276653338604	8.41998790882561
277	pan	500	83939.4	128.503471877491	5.74684996925605
278	pan	500	84078	0	0
