Strain	ccoOPQ	fixAB	fixCX	fixH	fixLJK	fixS	nifABDEHKNQTWXZ	nifS	nifU	nifV	nodABCSUIJ	nodD1	nodD2	nodM	nodN	nodQ	nodT	nodW	nodX	nodY	nodZ	noeI	noeL	nolA	nolB	nolK	nolN	nolU	nolV	Sec.SRP	T1SS.Adhesin.protein.transporter	T1SS.cvaA	T1SS.hlyBD	T1SS.Multiple.protein.transporter	T2SS	T2SS.cpaABCDEF.tadBC	T2SS.DNA.T	T2SS.gspADGHIJKL	T2SS.Pilin	T3SS	T3SS.flh.fli	T3SS.yscDFJLNOQRTV	T4SS.trbBCDEFGHIJKL	T4SS.vir	T5SS	T6SS.imp	Tat.system
B. elkanii 587	1	1	1	1	1	1	1	1	1	1	1	1	1	1	0	1	0	0	0	0	1	1	1	1	1	1	0	1	1	1	1	0	1	1	1	1	1	1	0	1	0	1	1	1	0	1	1
B. elkanii CCBAU 05737	1	1	1	1	1	1	1	1	1	1	1	1	1	1	0	1	0	0	0	0	1	1	1	1	1	0	0	1	1	1	1	0	1	1	1	1	1	1	0	1	1	1	1	1	0	1	1
B. elkanii CCBAU 43297	1	1	1	1	1	1	1	1	1	1	1	1	1	1	0	1	0	0	0	0	1	1	1	1	1	1	0	1	1	1	1	0	1	1	1	1	1	1	0	1	1	1	1	1	1	1	1
B. japonicum CCBAU 15354	1	1	1	1	1	1	1	1	1	0	1	1	0	1	0	0	0	0	0	0	1	1	1	1	1	1	0	1	1	1	0	0	1	1	1	1	1	0	0	0	1	1	1	0	0	1	1
B. japonicum CCBAU 15517	1	1	1	1	1	1	1	1	1	0	1	1	0	1	0	0	0	0	0	0	1	1	1	1	1	1	0	1	1	1	0	0	1	1	1	1	1	0	0	0	1	1	1	0	0	1	1
B. japonicum CCBAU 15618	1	1	1	1	1	1	1	1	1	0	1	1	1	1	0	0	0	0	0	0	1	1	1	1	1	1	0	1	1	1	0	0	1	1	1	1	1	0	0	0	1	1	1	0	0	1	1
B. japonicum CCBAU 25435	1	1	1	1	1	1	1	1	1	0	1	1	1	1	0	0	0	0	0	0	1	1	0	1	1	1	0	1	1	1	0	0	1	1	1	1	1	0	0	0	1	1	1	0	0	1	1
B. japonicum CCBAU 83623	1	1	1	1	1	1	1	1	1	0	1	1	0	1	0	0	0	0	0	0	1	1	0	1	1	1	0	1	1	1	0	0	1	1	1	1	1	0	0	0	1	1	1	0	0	1	1
B. liaoningense CCBAU 05525	1	1	1	1	1	1	1	1	1	0	1	1	0	1	0	1	1	0	0	0	1	1	1	1	1	1	0	1	1	1	0	0	1	1	1	1	1	1	0	0	1	1	1	0	1	1	1
B. liaoningense CCBAU 83689	1	1	1	1	1	1	1	1	1	0	0	1	0	1	0	1	1	0	0	0	0	1	1	0	1	1	0	1	1	1	0	0	1	1	1	1	1	1	0	0	1	1	1	0	1	1	1
B. diazoefficiens CCBAU 41267	1	1	1	1	1	1	1	1	1	0	1	1	1	1	0	0	1	0	0	0	1	1	1	1	1	1	0	1	1	1	1	0	1	1	1	1	1	1	0	0	1	1	1	0	0	1	1
B. yuanmingense CCBAU 05623	1	1	1	1	1	1	1	1	1	1	1	1	0	1	0	1	0	0	0	0	1	1	1	1	1	1	0	1	1	1	0	0	1	1	1	1	1	1	0	0	1	1	1	1	1	0	1
B. yuanmingense CCBAU 25021	1	1	1	1	1	1	1	1	1	0	1	1	0	1	0	1	0	0	0	0	1	1	1	1	1	1	0	1	1	1	0	0	1	1	1	1	1	0	0	0	1	1	1	1	1	0	1
B. yuanmingense CCBAU 35157	1	1	1	1	1	1	1	1	1	1	1	1	0	1	0	1	0	0	0	0	1	1	1	1	1	1	0	1	1	1	0	0	1	1	1	1	1	0	0	0	1	1	1	0	1	0	1
B. cosmicum S23321	1	1	1	1	1	1	1	1	1	1	0	0	0	1	0	0	1	0	0	0	0	0	1	0	0	1	0	0	0	1	0	0	1	1	1	1	1	0	0	0	1	0	0	0	0	0	1
B. japonicum USDA 6	1	1	1	1	1	1	1	1	1	0	1	1	1	1	1	0	0	0	0	0	1	1	1	1	1	1	0	1	1	1	0	0	1	1	1	1	1	1	0	0	1	1	0	0	0	1	1
B. oligotrophicum S58	1	1	1	1	1	1	1	1	1	1	0	1	1	1	0	1	1	0	0	0	0	0	1	0	0	1	0	1	1	1	1	0	1	1	1	1	1	1	0	0	1	1	1	0	0	0	1
B. japonicum is5	1	1	0	1	1	1	0	1	1	0	0	0	0	1	0	1	1	0	0	0	0	0	1	0	0	1	0	0	0	1	0	0	0	1	1	1	1	1	0	0	1	0	1	1	0	0	1
B. japonicum in8p8	1	1	0	1	1	1	0	1	1	0	0	0	0	1	0	1	1	0	0	0	0	0	1	0	0	1	0	0	0	1	0	0	0	1	1	1	1	1	0	0	1	0	1	1	0	0	1
B. arachidis USDA 3384	1	1	1	1	1	1	1	1	1	1	1	1	1	1	0	1	1	0	0	1	1	1	1	1	1	1	0	1	1	1	0	0	1	1	1	1	1	1	0	1	1	1	1	0	0	0	1
B. ottawaense USDA 4	1	1	1	1	1	1	1	1	1	0	1	1	1	1	0	1	1	0	0	0	1	1	1	1	1	1	0	1	1	1	0	1	1	1	1	1	1	0	0	0	1	1	1	1	1	0	1
B. japonicum USDA 38	1	1	1	1	1	1	1	1	1	0	1	1	1	1	0	0	0	0	0	0	1	1	1	1	1	1	0	1	1	1	0	0	1	1	1	1	1	1	0	0	1	1	1	0	0	1	1
B. elkanii WSM2783	1	1	1	1	1	1	1	1	1	1	1	1	1	1	0	1	0	0	0	0	0	0	1	1	1	1	0	1	1	1	0	0	1	1	1	1	1	1	0	0	1	1	1	0	1	0	1
B. japonicum USDA 135	1	1	1	1	1	1	1	1	1	0	1	1	0	1	0	0	1	0	0	0	1	1	1	0	1	1	0	1	1	1	0	0	1	1	1	1	1	1	0	0	1	1	1	0	1	1	1
B. murdochi WSM 1741	1	1	1	1	1	1	1	1	1	1	1	1	0	1	0	1	0	0	0	0	1	1	1	1	1	1	0	1	1	1	0	0	1	1	1	1	1	0	0	0	1	1	1	0	0	0	1
B. japonicum 22	1	1	1	1	1	1	1	1	1	1	0	0	0	1	0	1	0	0	0	0	0	0	1	0	0	1	0	0	0	1	0	0	1	1	1	1	1	0	0	0	1	0	0	1	0	0	1
B. japonicum USDA 123	1	1	1	1	1	1	1	1	1	0	1	1	1	1	0	0	0	0	0	0	1	1	0	1	1	1	0	1	1	1	0	0	1	1	1	1	1	0	0	0	1	1	1	0	0	1	1
B. elkanii USDA 94	1	1	1	1	1	1	1	1	1	1	1	1	1	1	0	1	0	0	0	0	1	1	1	1	1	1	0	1	1	1	1	0	1	1	1	1	1	1	0	1	1	1	1	1	1	1	1
B. japonicum SEMIA 5079	1	1	1	1	1	1	1	1	1	0	1	1	1	1	0	0	0	0	0	0	1	1	1	1	1	1	0	1	1	1	0	0	1	1	1	1	1	0	0	0	1	1	1	0	0	1	1
B. japonicum Is-34	1	1	1	1	1	1	1	1	1	0	1	1	1	1	0	0	0	0	0	0	1	1	1	1	1	1	0	1	1	1	0	0	1	1	1	1	1	1	0	0	1	1	1	0	0	1	1
B. japonicum E109	1	1	1	1	1	1	1	1	1	0	1	1	1	1	1	0	0	0	0	0	1	1	1	1	1	1	0	1	1	1	0	0	1	1	1	1	1	1	0	0	1	1	1	0	0	1	1
B. elkanii UASWS1015	0	1	0	0	1	0	0	1	1	0	0	1	1	1	0	0	0	0	0	0	0	0	1	1	0	1	0	0	0	1	0	0	1	1	1	1	1	1	0	0	1	0	1	1	1	0	1
B. japonicum FN1	1	1	1	1	1	1	1	1	1	0	1	1	1	1	1	0	0	0	0	0	1	1	1	1	1	1	0	1	1	1	0	0	1	1	1	1	1	1	0	0	1	1	0	0	0	1	1
B. embrapense SEMIA 6208	1	1	1	1	1	1	1	1	1	1	1	1	1	1	0	1	0	0	0	0	1	1	1	1	1	1	0	1	1	1	0	0	1	1	1	1	1	1	0	1	1	1	1	0	0	0	1
B. pachyrhizi PAC 48	1	1	1	1	1	1	1	1	1	1	1	1	1	1	1	1	0	0	0	0	1	1	1	1	1	1	0	1	1	1	1	0	1	1	1	1	1	1	0	1	1	1	1	0	1	1	1
B. tropiciagri SEMIA 6148	1	1	1	1	1	0	1	1	1	0	1	1	1	1	1	1	0	0	0	0	1	1	1	1	1	1	0	1	1	1	1	0	1	1	1	1	1	1	0	1	1	1	1	0	1	0	1
B. viridifuturi SEMIA 690	1	0	1	1	1	1	1	1	1	1	1	1	1	1	0	1	0	0	0	0	1	0	1	1	1	1	0	1	1	1	1	0	1	1	1	1	1	1	0	1	1	1	1	1	0	1	1
B. diazoefficiens Is-1	1	1	1	1	1	1	1	1	1	0	1	1	0	1	0	0	1	0	0	0	1	1	1	1	1	1	0	1	1	1	1	0	1	1	1	1	1	0	0	0	1	1	0	0	0	1	1
B. yuanmingense BR3267	1	1	1	1	1	1	1	1	1	1	1	1	1	1	0	1	0	0	0	1	1	1	1	1	1	1	0	1	1	1	0	0	1	1	1	1	1	0	0	1	1	1	1	0	1	0	1
B. pachyrhizi BR3262	1	1	1	1	1	1	1	1	1	1	1	1	1	1	0	1	0	0	0	0	1	1	1	1	1	1	0	1	1	1	1	0	1	1	1	1	1	1	0	1	1	1	0	0	1	1	1
B. manausense BR 3351	1	1	1	1	1	1	1	1	1	1	1	1	0	1	0	1	0	0	0	0	1	0	1	1	1	1	0	1	1	1	0	0	0	1	1	1	1	0	0	1	1	1	1	0	0	0	1
B. valentinum LmjM6	1	1	1	1	1	0	1	1	1	1	1	1	0	1	0	0	0	0	0	0	1	0	1	1	1	1	0	1	1	1	0	1	1	1	1	1	1	0	0	0	1	1	1	0	1	1	1
B. jicamae PAC68	1	1	1	1	1	1	1	1	1	1	1	1	1	1	0	1	0	0	0	0	1	0	1	1	1	1	0	1	1	1	0	0	1	1	1	1	1	1	0	0	1	1	1	0	0	0	1
B. valentinum LmjM3	1	1	1	1	1	0	1	1	1	1	1	1	0	1	0	0	0	0	0	0	1	0	1	1	1	1	0	1	1	1	0	1	1	1	1	1	1	0	0	0	1	1	1	0	1	1	1
B. retamae Ro19	1	1	1	1	1	0	1	1	1	0	1	1	0	1	0	0	0	0	0	0	1	0	1	1	1	1	0	1	1	1	1	1	1	1	1	1	1	0	0	0	1	1	1	0	1	1	1
B. lablabi CCBAU 23086	1	1	1	1	1	1	1	1	1	1	1	1	1	1	0	1	0	0	0	0	1	1	1	1	1	1	0	1	1	1	1	0	1	1	1	1	1	1	0	0	1	1	1	0	1	0	1
B. macuxiense BR 10303	1	1	1	1	1	1	1	1	1	0	1	1	1	1	1	0	1	0	0	0	1	1	1	1	0	1	0	0	0	1	1	0	1	1	1	1	1	1	0	0	1	1	1	0	1	1	1
B. diazoefficiens NK6	1	1	1	1	1	1	1	1	1	0	1	1	0	1	0	0	0	0	0	0	1	1	1	1	1	1	1	1	1	1	1	0	1	1	1	1	1	0	0	0	1	1	1	0	0	1	1
B. liaoningense CCNWSX0360	1	1	1	1	1	1	1	1	1	0	1	1	0	1	1	0	1	0	0	1	1	1	1	1	1	1	0	1	1	1	0	0	1	1	1	1	1	0	0	0	1	1	0	1	0	1	1
B. stylosanthis BR 446	1	1	1	1	1	1	1	1	1	1	1	1	1	1	0	1	0	0	0	0	1	1	1	1	1	1	0	1	1	1	1	0	1	1	1	1	1	1	0	1	1	1	1	0	0	0	1
B. centrolobii BR 10245	1	1	1	1	1	1	1	1	1	1	1	1	0	1	0	1	1	0	0	0	1	1	1	1	1	1	0	1	1	1	0	0	1	1	1	1	1	1	0	1	1	1	1	0	0	1	1
B. neotropicale BR 10247	1	1	1	1	1	1	1	1	1	1	1	1	1	1	0	1	1	0	0	0	1	1	1	1	1	1	0	1	1	1	1	0	1	1	1	1	1	1	0	1	1	1	1	0	0	0	1
B. diazoefficiens USDA 110	1	1	1	1	1	1	1	1	1	0	1	1	0	1	0	0	1	0	0	0	1	1	1	1	1	1	0	1	1	1	1	0	1	1	1	1	1	1	0	0	1	1	1	0	0	1	1
B. icense LMTR 13	1	1	1	1	1	1	1	1	1	1	1	1	0	1	0	1	0	0	0	0	1	1	1	1	1	1	0	1	1	1	0	0	0	1	1	1	1	1	0	0	1	1	1	0	1	0	1
B. paxllaeri LMTR 21	1	1	1	1	1	1	1	1	1	1	1	1	0	1	0	1	0	0	0	0	1	1	1	1	1	1	0	1	1	1	0	0	1	1	1	1	1	1	0	0	1	1	1	0	1	0	1
B. elkanii BLY6-1	1	1	1	1	1	1	1	1	1	1	1	1	1	1	0	0	0	0	0	0	1	1	1	1	1	1	0	1	1	1	1	0	1	1	1	1	1	1	0	1	1	1	1	0	1	1	1
B. elkanii BLY3-8	1	1	1	1	1	1	1	1	1	1	1	1	1	1	0	0	0	0	0	0	1	1	1	1	1	1	0	1	1	1	1	0	1	1	1	1	1	1	0	1	1	1	1	0	1	1	1
B. elkanii TnphoA 33	1	1	1	1	1	1	1	1	1	1	1	1	1	1	0	1	0	0	0	0	1	1	1	1	1	1	0	1	1	1	1	0	1	1	1	1	1	1	0	1	1	1	1	1	1	1	1
B. japonicum J5	1	1	1	1	1	1	1	1	1	0	1	1	1	1	0	0	0	0	0	0	1	1	1	1	1	1	0	1	1	1	0	0	1	1	1	1	1	1	0	0	1	1	1	0	0	1	1
B. diazoefficiens USDA 122	1	1	1	1	1	1	1	1	1	0	1	1	0	1	0	0	1	0	0	0	1	1	1	1	1	1	0	1	1	1	1	0	1	1	1	1	1	0	0	0	1	1	0	0	0	1	1
B. mercantei SEMIA 6399	1	1	1	1	1	1	1	1	1	1	0	1	1	1	0	1	0	0	0	0	0	1	1	1	0	1	0	0	0	1	1	0	1	1	1	1	1	1	0	0	1	1	1	0	0	0	1
B. sacchari p9-20	1	1	1	1	1	1	1	1	1	1	1	1	0	1	0	1	0	0	0	0	1	1	1	1	1	1	0	1	1	1	1	0	1	1	1	1	1	1	0	0	1	1	1	0	0	0	1
B. canariense UBMA050	1	1	1	1	1	1	1	1	1	0	1	1	0	1	0	0	0	0	1	0	1	0	1	1	0	1	0	0	0	1	0	1	1	1	1	1	1	0	0	0	1	0	0	0	0	1	1
B. canariense UBMA051	1	1	1	1	1	1	1	1	1	0	1	1	0	1	0	0	0	0	1	0	1	0	1	1	0	1	0	0	0	1	0	1	1	1	1	1	1	0	0	0	1	0	0	0	0	1	1
B. canariense UBMA060	1	1	1	1	1	1	1	1	1	0	1	1	0	1	0	0	0	0	1	0	1	0	1	1	0	1	0	0	0	1	0	1	1	1	1	1	1	0	0	0	1	0	0	0	0	1	1
B. canariense UBMA052	1	1	1	1	1	1	1	1	1	0	1	1	0	1	0	0	0	0	1	0	1	0	1	1	0	1	0	0	0	1	0	1	1	1	1	1	1	0	0	0	1	0	0	0	0	1	1
B. canariense UBMA061	1	1	1	1	1	1	1	1	1	0	1	1	0	1	0	0	0	0	1	0	1	0	1	1	0	1	0	0	0	1	0	1	1	1	1	1	1	0	0	0	1	0	0	0	0	1	1
B. canariense UBMA195	1	1	1	1	1	1	1	1	1	0	1	1	0	1	0	0	0	0	0	0	1	0	1	1	0	1	0	0	0	1	0	0	1	1	1	1	1	0	0	0	1	0	1	0	0	1	1
B. canariense UBMAN05	1	1	1	1	1	1	1	1	1	0	1	1	0	1	0	0	0	0	1	0	1	0	1	1	0	1	0	0	0	1	0	0	1	1	1	1	1	0	0	0	1	0	1	0	0	1	1
B. canariense UBMA122	1	1	1	1	1	1	1	1	1	0	1	1	0	1	0	0	0	0	0	0	1	0	1	1	0	1	0	0	0	1	0	0	1	1	1	1	1	0	0	0	1	0	1	0	0	1	1
B. canariense UBMA182	1	1	1	1	1	1	1	1	1	0	1	1	0	1	0	0	0	0	0	0	1	0	1	1	0	1	0	0	0	1	0	0	1	1	1	1	1	0	0	0	1	0	1	0	0	1	1
B. canariense UBMA192	1	1	1	1	1	1	1	1	1	0	1	1	0	1	0	0	0	0	0	0	1	0	1	1	0	1	0	0	0	1	0	0	1	1	1	1	1	0	0	0	1	0	1	0	0	1	1
B. canariense UBMA183	1	1	1	1	1	1	1	1	1	0	1	1	0	1	0	0	0	0	0	0	1	0	1	1	0	1	0	0	0	1	0	0	1	1	1	1	1	0	0	0	1	0	1	0	0	1	1
B. canariense UBMA510	1	1	1	1	1	1	1	1	1	0	1	1	0	1	0	0	0	0	1	0	1	0	1	1	0	1	0	0	0	1	0	0	1	1	1	1	1	0	0	0	1	0	1	0	0	1	1
B. japonicum UBMA197	1	1	1	1	1	1	1	1	1	0	1	1	1	1	0	0	0	0	0	0	1	0	1	1	0	1	0	0	0	1	0	0	1	1	1	1	1	1	0	0	1	0	1	1	1	1	1
B. canariense UBMA181	1	1	1	1	1	1	1	1	1	0	1	1	0	1	0	0	0	0	0	0	1	0	1	1	0	1	0	0	0	1	0	0	1	1	1	1	1	0	0	0	1	0	1	0	0	1	1
B. canariense UBMA171	1	1	1	1	1	1	1	1	1	0	1	1	0	1	0	0	0	0	0	0	1	0	1	1	0	1	0	0	0	1	0	0	1	1	1	1	1	0	1	0	1	0	1	0	0	1	1
B. guangdongense XS1150	1	1	1	1	1	1	1	1	1	0	1	1	0	1	0	1	0	0	0	0	1	1	1	1	1	1	0	1	1	1	0	0	0	1	1	1	1	0	0	0	1	1	0	0	0	0	1
B. amphicarpaeae 39S1MB	1	1	1	1	1	1	1	1	1	1	0	0	0	1	0	0	0	0	0	0	0	0	1	0	0	1	0	0	0	1	0	0	1	1	1	1	1	1	0	0	1	0	0	0	1	0	1
B. symbiodeficiens 85S1MB	1	1	0	1	1	1	0	1	1	0	0	0	1	1	0	0	1	0	0	0	0	0	1	0	0	1	0	0	0	1	0	0	1	1	1	1	1	0	0	0	1	0	0	0	0	0	1
B. ottawaense OO99	1	1	1	1	1	1	1	1	1	0	1	1	1	1	0	1	1	0	0	0	1	1	1	1	1	1	0	1	1	1	0	0	1	1	1	1	1	1	0	0	1	1	1	0	1	0	1
B. diazoefficiens Y21	1	1	1	1	1	1	1	1	1	0	1	1	0	1	0	0	1	0	0	0	1	1	1	1	1	1	0	1	1	1	1	0	1	1	1	1	1	0	0	0	1	1	0	0	0	1	1
B. ottawaense L2	1	1	1	1	1	1	1	1	1	0	1	1	1	1	0	1	1	0	0	1	1	1	1	1	1	1	0	1	1	1	0	0	1	1	1	1	1	1	0	0	1	1	1	0	1	1	1
B. nitroreducens TSA1	1	1	1	1	1	1	1	1	1	1	0	0	0	1	0	1	1	0	0	0	0	0	1	0	0	1	0	0	0	1	0	0	1	1	1	1	1	0	0	0	1	0	1	0	1	0	1
B. forestalis INPA54B	1	1	1	1	1	1	1	1	1	1	1	1	0	1	0	1	0	0	0	1	1	1	1	1	1	1	0	1	1	1	0	0	1	1	1	1	1	1	0	1	1	1	1	0	0	0	1
B. algeriense RST91	1	1	1	1	1	0	1	1	1	1	1	1	0	1	0	0	0	0	0	0	1	0	1	1	1	1	0	1	1	1	0	0	1	1	1	1	1	1	0	0	1	1	1	1	0	1	1
B. diazoefficiens XF7	1	1	1	1	1	1	1	1	1	0	1	1	0	1	0	0	1	0	0	0	1	1	1	1	1	1	0	1	1	1	1	0	1	1	1	1	1	0	0	0	1	1	0	0	0	1	1
B. yuanmingense P10 130	1	1	1	1	1	1	1	1	1	1	0	0	0	1	0	1	0	0	0	0	0	0	1	0	1	1	0	1	1	1	0	0	1	1	1	1	1	0	0	1	1	1	1	0	1	0	1
B. vignae LMG 28791	1	1	1	1	1	1	1	1	1	1	1	1	0	1	0	1	0	0	0	0	1	1	1	1	1	1	0	1	1	1	0	1	1	1	1	1	1	0	0	1	1	1	1	0	0	0	1
B. zhanjiangense CCBAU 51770	1	1	1	1	1	1	1	1	1	1	1	1	1	1	0	1	0	0	0	1	1	1	1	1	1	1	0	1	1	1	0	0	0	1	1	1	1	0	0	1	1	1	1	0	0	0	1
B. guangzhouense CCBAU 53426	1	1	1	1	1	1	1	1	1	0	1	1	0	1	0	0	0	0	0	0	1	1	1	1	1	1	0	1	1	1	0	0	0	1	1	1	1	1	0	1	1	1	1	0	0	0	1
B. zhanjiangense CCBAU 51781	1	1	1	1	1	1	1	1	1	1	1	1	0	1	0	1	0	0	0	1	1	1	1	1	1	1	0	1	1	1	0	0	0	1	1	1	1	0	0	1	1	1	1	0	0	0	1
B. guangzhouense CCBAU 53424	1	1	1	1	1	1	1	1	1	0	1	1	0	1	0	1	0	0	0	0	1	1	1	1	1	1	0	1	1	1	0	0	1	1	1	1	1	1	0	1	1	1	1	0	0	0	1
B. zhanjiangense CCBAU 51787	1	1	1	1	1	1	1	1	1	0	1	1	0	1	0	1	0	0	0	1	1	1	1	1	1	1	0	1	1	1	0	0	0	1	1	1	1	0	0	0	1	1	1	0	0	0	1
B. nanningense CCBAU 53390	1	1	1	1	1	1	1	1	1	0	1	1	0	1	0	1	1	0	0	0	1	1	1	1	1	1	0	1	1	1	0	0	1	1	1	1	1	0	0	0	1	1	1	0	0	1	1
B. nanningense CCBAU 51757	1	1	1	1	1	1	1	1	1	0	1	1	0	1	0	1	1	0	0	0	1	1	1	1	1	1	0	1	1	1	0	0	1	1	1	1	1	0	0	1	1	1	1	0	0	1	1
B. guangxiense CCBAU 53363	1	1	1	1	1	1	1	1	1	1	1	1	0	1	0	1	0	0	0	0	1	1	1	1	1	1	0	1	1	1	0	0	0	1	1	1	1	1	0	1	1	1	1	0	0	1	1
B. zhanjiangense CCBAU 51778	1	1	1	1	1	1	1	1	1	1	1	1	1	1	0	1	0	0	0	0	1	1	1	1	1	1	0	1	1	1	0	0	0	1	1	1	1	0	0	1	1	1	1	0	0	0	1
B. guangzhouense CCBAU 51670	1	1	1	1	1	1	1	1	1	0	1	1	0	1	0	0	0	0	0	0	1	1	1	1	1	1	0	1	1	1	0	0	0	1	1	1	1	1	0	1	1	1	1	0	0	0	1
B. guangdongense CCBAU 51649	1	1	1	1	1	1	1	1	1	0	1	1	0	1	0	1	1	0	0	0	1	1	1	1	1	1	0	1	1	1	0	0	1	1	1	1	1	1	0	1	1	1	1	0	0	0	1
B. betae Opo-243	1	1	0	1	1	1	0	1	1	0	0	0	1	1	0	0	1	0	0	0	0	0	1	0	0	1	0	0	0	1	0	0	1	1	1	1	1	1	0	0	1	0	1	1	0	0	1
B. elkanii BR29	1	1	1	1	1	1	1	1	1	1	1	1	1	1	0	1	0	0	0	0	1	1	1	1	1	1	0	1	1	1	1	0	1	1	1	1	1	1	0	1	1	1	1	0	1	1	1
B. diazoefficiens 110spc4	1	1	1	1	1	1	1	1	1	0	1	1	0	1	0	0	1	0	0	0	1	1	1	1	1	1	0	1	1	1	1	0	1	1	1	1	1	1	0	0	1	1	0	0	0	1	1
B. frederickii CNPSo 3426	1	1	1	1	1	1	1	1	1	1	1	1	0	1	0	1	1	0	0	1	1	1	1	1	1	1	0	1	1	1	0	0	1	1	1	1	1	0	0	1	1	1	1	0	0	0	1
B. niftali CNPSo 3448	1	1	1	1	1	1	1	1	1	1	1	1	1	1	0	1	0	0	0	1	1	1	1	1	1	1	0	1	1	1	1	0	1	1	1	1	1	0	0	1	1	1	1	0	1	1	1
B. frederickii CNPSo 3424	1	1	1	1	1	1	1	1	1	1	1	1	0	1	0	1	1	0	0	1	1	1	1	1	1	1	0	1	1	1	0	0	1	1	1	1	1	0	0	1	1	1	1	0	0	0	1
B. elkanii Semia 938	1	1	1	1	1	1	1	1	1	1	1	1	1	1	0	1	0	0	0	0	1	1	1	1	1	1	0	1	1	1	1	0	1	1	1	1	1	1	0	1	1	1	1	0	1	1	1
B. symbiodeficiens 65S1MB	1	1	0	1	1	1	0	1	1	0	0	0	1	1	0	0	1	0	0	0	0	0	1	0	0	1	0	0	0	1	0	0	1	1	1	1	1	0	0	0	1	0	1	0	0	0	1
B. guangdongense SM32	1	1	0	1	1	1	0	1	1	0	0	1	0	1	0	0	0	0	0	0	0	0	1	0	0	1	0	0	0	1	0	0	1	1	1	1	1	1	0	0	1	0	0	0	0	0	1
B. japonicum NBRC 14783	1	1	1	1	1	1	1	1	1	0	1	1	1	1	1	0	0	0	0	0	1	1	1	1	1	0	0	1	1	1	0	0	1	1	1	1	1	1	0	0	1	1	0	0	0	1	1
B. elkanii NBRC 14791	1	1	1	1	1	1	1	1	1	1	1	1	1	1	0	1	0	0	0	0	1	1	1	1	1	1	0	1	1	1	1	0	1	1	1	1	1	1	0	1	1	1	1	1	1	1	1
B. cosmicum 58S1	1	1	1	1	1	1	1	1	1	1	0	0	0	1	0	0	1	0	0	0	0	0	1	0	0	1	0	0	0	1	0	0	1	1	1	1	1	0	0	0	1	0	0	0	0	0	1
B. stylosanthis BR 510	1	1	1	1	1	1	1	1	1	1	1	1	1	1	0	1	0	0	0	0	1	1	1	1	1	1	0	1	1	1	1	0	1	1	1	1	1	1	0	1	1	1	1	0	0	0	1
B. sacchari BR 10555	1	1	1	1	1	1	1	1	1	1	1	1	0	1	0	1	0	0	0	0	1	1	1	1	1	1	0	1	1	1	1	0	1	1	1	1	1	1	0	0	1	1	1	0	0	0	1
B. sacchari BR 10556	1	1	1	1	1	1	1	1	1	1	1	1	0	1	0	1	0	0	0	0	1	1	1	1	1	1	0	1	1	1	1	0	1	1	1	1	1	1	0	0	1	1	1	0	0	0	1
B. daqingense CGMCC 1.10947	1	1	1	1	1	1	1	1	1	0	1	1	1	1	0	1	0	0	0	0	1	1	1	1	1	1	0	1	1	1	0	0	1	1	1	1	1	0	0	0	1	1	1	0	0	0	1
B. yuanmingense CGMCC 1.3531	1	1	1	1	1	1	1	1	1	0	1	1	0	1	1	1	0	0	0	0	1	1	1	1	1	1	0	1	1	1	0	0	1	1	1	1	1	0	0	0	1	1	1	1	1	0	1
B. huanghuaihaiense CGMCC 1.10948	1	1	1	1	1	1	1	1	1	0	1	1	0	1	0	1	1	0	0	0	1	1	1	1	1	1	0	1	1	1	1	0	1	1	1	1	1	1	0	0	1	1	1	0	1	0	1
B. macuxiense BR 10355	1	1	1	1	1	1	1	1	1	1	1	1	1	1	0	1	0	0	0	0	1	1	1	1	1	1	0	1	1	1	1	0	1	1	1	1	1	1	0	0	1	1	1	0	0	1	1
B. rifense CTAW71	1	1	1	1	1	1	1	1	1	0	1	1	1	1	0	0	0	0	0	0	1	0	1	1	0	1	0	0	0	1	0	0	1	1	1	1	1	1	0	0	1	0	1	1	1	1	1
B. cytisi CTAW11	1	1	1	1	1	1	1	1	1	0	1	1	0	1	0	0	0	0	0	0	1	0	1	1	0	1	0	0	0	1	0	0	1	1	1	1	1	1	0	0	1	0	1	0	0	0	1
B. hipponense aSej3	1	1	1	1	1	1	1	1	1	0	1	1	0	1	0	1	0	0	0	0	1	0	1	1	0	1	0	0	0	1	1	0	1	1	1	1	1	0	0	0	1	0	1	0	0	0	1
B. betae PL7HG1	1	1	0	1	1	1	0	1	1	0	0	0	0	1	0	0	1	0	0	0	0	0	1	0	0	1	0	0	0	1	0	0	1	1	1	1	1	1	0	0	1	0	1	1	0	0	1
B. yuanmingense 3051	1	1	1	1	1	1	1	1	1	1	1	1	1	1	0	1	0	0	0	0	1	1	1	1	1	1	0	1	1	1	0	0	1	1	1	1	1	0	0	1	1	1	1	0	1	0	1
B. cajani 1010	1	1	1	1	1	1	1	1	1	1	1	1	0	1	0	1	0	0	0	1	1	1	1	1	1	1	0	1	1	1	1	0	1	1	1	1	1	1	0	1	1	1	1	0	1	1	1
B. pachyrhizi 1040	1	1	1	1	1	1	1	1	1	1	1	1	1	1	0	1	1	0	0	0	1	1	1	1	1	1	0	1	1	1	1	0	1	1	1	1	1	1	0	1	1	1	1	1	1	1	1
B. japonicum 5873	1	1	1	1	1	1	1	1	1	0	1	1	1	1	1	0	0	0	0	0	1	1	1	1	1	1	0	1	1	1	0	0	1	1	1	1	1	1	0	0	1	1	1	0	0	1	1
B. uaiense UFLA03-164	1	1	1	1	1	1	1	1	1	1	1	1	1	1	0	1	0	0	0	0	1	1	1	1	1	1	0	1	1	1	1	0	1	1	1	1	1	1	0	1	1	1	1	0	1	1	1
B. septentrionale 1S1	1	1	1	1	1	1	1	1	1	0	1	1	1	1	0	0	1	0	0	0	1	1	1	1	1	1	0	1	1	1	1	0	1	1	1	1	1	1	0	0	1	1	1	1	1	1	1
B. diazoefficiens 172S4	1	1	1	1	1	1	1	1	1	0	1	1	0	1	0	0	1	0	0	0	1	1	1	1	1	1	0	1	1	1	1	0	1	1	1	1	1	0	0	0	1	1	0	0	0	1	1
B. symbiodeficiens 141S2	1	1	0	1	1	1	0	1	1	0	0	0	0	1	0	0	1	0	0	0	0	0	1	0	0	1	0	0	0	1	0	0	1	1	1	1	1	0	0	0	1	0	0	0	0	0	1
B. symbiodeficiens 101S1MB	1	1	0	1	1	1	0	1	1	0	0	0	0	1	0	0	1	0	0	0	0	0	1	0	0	1	0	0	0	1	0	0	0	1	1	1	1	0	0	0	1	0	0	0	0	0	1
B. brasilense UFLA0613	1	1	1	1	1	1	1	1	1	0	1	1	1	1	0	1	0	0	0	0	1	0	1	1	1	1	0	1	1	1	1	0	1	1	1	1	1	1	0	1	1	1	1	0	0	1	1
B. elkanii USDA 61	1	1	1	1	1	1	1	1	1	1	1	1	1	1	0	1	0	0	0	0	1	1	1	1	1	1	0	1	1	1	1	0	1	1	1	1	1	1	0	1	1	1	1	0	1	1	1
B. australiense WSM 1791	1	1	1	1	1	0	1	1	1	1	1	1	0	1	0	0	1	0	0	0	1	1	1	1	1	1	0	1	1	1	0	0	0	1	1	1	1	0	0	0	1	1	1	0	0	0	1
B. archetypum WSM 1744	1	1	1	1	1	0	1	1	1	1	1	1	0	1	0	0	0	0	0	0	1	1	1	1	1	1	0	1	1	1	0	0	0	1	1	1	1	0	0	0	1	1	1	0	0	0	1
B. septentrionale 162S2	1	1	1	1	1	1	1	1	1	0	1	1	1	1	0	0	1	0	0	0	1	1	1	1	1	1	0	1	1	1	1	0	1	1	1	1	1	1	0	0	1	1	1	1	1	1	1
B. quebecense 66S1MB	1	1	1	1	1	1	1	1	1	0	1	1	1	1	0	0	0	0	0	0	0	1	1	1	1	1	0	1	1	1	1	0	1	1	1	1	1	1	0	0	1	1	1	1	0	0	1
B. diazoefficiens 113-2	1	1	1	1	1	1	1	1	1	0	1	1	0	1	0	0	1	0	0	0	1	1	1	1	1	1	0	1	1	1	1	0	1	1	1	1	1	1	0	0	1	1	0	0	0	1	1
B. elkanii SEMIA 5019	1	1	1	1	1	1	1	1	1	1	1	1	1	1	0	1	0	0	0	0	1	0	1	1	1	1	0	1	1	1	1	0	1	1	1	1	1	1	0	1	1	1	1	1	1	1	1
B. elkanii SEMIA 587	1	1	1	1	1	1	1	1	1	1	1	1	1	1	0	1	0	0	0	0	1	0	1	1	1	1	0	1	1	1	1	0	1	1	1	1	1	1	0	1	1	1	1	1	1	1	1
B. japonicum 5038	1	1	1	1	1	1	1	1	1	0	1	1	1	1	1	0	0	0	0	0	1	1	1	1	1	1	0	1	1	1	0	0	1	1	1	1	1	1	0	0	1	1	1	0	0	1	1
B. diazoefficiens HH15	1	1	1	1	1	1	1	1	1	0	1	1	0	1	0	0	1	0	0	0	1	1	1	1	1	1	0	1	1	1	1	0	1	1	1	1	1	0	0	0	1	1	1	0	0	1	1
B. diazoefficiens H12S4	1	1	1	1	1	1	1	1	1	0	1	1	0	1	0	0	1	0	0	0	1	1	1	1	1	1	0	1	1	1	1	0	1	1	1	1	1	0	0	0	1	1	1	0	0	1	1
B. diazoefficiens HF08	1	1	1	1	1	1	1	1	1	0	1	1	0	1	0	0	0	0	0	0	1	1	1	1	1	1	0	1	1	1	1	0	1	1	1	1	1	0	0	0	1	1	1	0	0	1	1
B. diazoefficiens F07S3	1	1	1	1	1	1	1	1	1	0	1	1	0	1	0	0	0	0	0	0	1	1	1	1	1	1	0	1	1	1	1	0	1	1	1	1	1	0	0	0	1	1	1	0	0	1	1
B. campsiandrae INPA 394B	1	1	1	1	1	1	1	1	1	1	0	0	1	1	0	1	1	0	0	0	0	0	1	0	0	1	0	0	0	1	0	0	0	1	1	1	1	1	0	0	1	0	0	1	0	0	1
B. campsiandrae INPA 384B	1	1	1	1	1	1	1	1	1	1	0	0	1	1	0	1	1	0	0	0	0	0	1	0	0	1	0	0	0	1	0	0	0	1	1	1	1	1	0	0	1	0	0	1	0	0	1
B. guangdongense CGMCC 1.15034	1	1	1	1	1	1	1	1	1	0	1	1	0	1	0	1	1	0	0	0	1	1	1	1	1	1	0	1	1	1	0	0	1	1	1	1	1	1	0	1	1	1	1	0	0	0	1
B. guangdongense CCBAU 51658	1	1	1	1	1	1	1	1	1	0	1	1	0	1	0	1	1	0	0	0	1	1	1	1	1	1	0	1	1	1	0	0	1	1	1	1	1	1	0	1	1	1	1	0	0	0	1
B. arachidis CCBAU 051107	1	1	1	1	1	1	1	1	1	1	1	1	1	1	0	1	1	0	0	1	1	1	1	1	1	1	0	1	1	1	0	0	1	1	1	1	1	1	0	1	1	1	1	0	0	0	1
B. agreste CNPSo 4010	1	1	1	1	1	1	1	1	1	0	1	1	0	1	0	1	0	0	0	0	1	1	1	1	1	1	0	1	1	1	0	1	1	1	1	1	1	1	0	0	1	1	1	0	1	0	1
B. diversitatis CNPSo 4019	1	1	1	1	1	1	1	1	1	1	1	1	0	1	1	1	1	0	0	0	0	0	1	1	0	1	0	0	0	1	0	0	1	1	1	1	1	0	0	0	1	0	1	0	1	1	1
B. glycinis CNPSo 4016	1	1	1	1	1	1	1	1	1	0	1	1	0	1	0	1	0	0	0	1	1	0	1	1	1	1	0	1	1	1	0	0	1	1	1	1	1	0	0	0	1	1	1	0	0	1	1
B. diazoefficiens 65_7	1	1	1	1	1	0	1	1	1	1	1	1	0	1	0	1	0	0	0	0	0	0	1	1	1	1	0	1	1	1	0	1	0	1	1	1	1	1	0	1	1	1	1	0	0	0	1
B. diazoefficiens 182_5	1	1	1	1	1	1	1	1	1	0	1	1	0	1	0	1	0	0	0	0	0	1	1	1	1	1	0	1	1	1	0	0	0	1	1	1	1	1	0	1	1	1	1	0	0	0	1
B. diazoefficiens 38_8	1	1	1	1	1	1	1	1	1	1	1	1	0	1	0	1	0	0	0	0	0	0	1	1	1	1	0	1	1	1	0	1	1	1	1	1	1	1	0	1	1	1	1	0	0	0	1
B. diazoefficiens 41_2	1	1	1	1	1	1	1	1	1	1	1	1	0	1	0	1	0	0	0	0	0	0	0	1	0	0	0	0	0	1	1	0	1	1	1	1	1	1	0	0	1	0	1	0	0	0	1
B. diazoefficiens 36_1	1	1	1	1	1	1	1	1	1	1	1	1	0	1	0	1	0	0	0	0	0	0	1	1	0	1	0	0	0	1	0	0	1	1	1	1	1	1	0	0	1	0	1	0	1	0	1
B. canariense USDA 3040	1	1	1	1	1	1	1	1	1	0	1	1	0	1	0	0	0	0	0	0	1	0	1	1	0	1	0	0	0	1	0	0	1	1	1	1	1	0	0	0	1	0	1	0	0	1	1
B. quebecense 12S5	1	1	1	1	1	1	1	1	1	0	1	1	1	1	0	0	0	0	0	0	1	1	1	1	1	1	0	1	1	1	1	0	1	1	1	1	1	1	0	0	1	1	1	1	1	0	1
B. neotropicale MPMI1	1	1	1	1	1	1	1	1	1	1	1	1	1	1	0	0	0	0	0	0	1	1	1	1	1	1	0	1	1	1	0	0	1	1	1	1	1	1	1	1	1	1	1	0	1	0	1
B. vignae ISRA400	1	1	1	1	1	1	1	1	1	1	1	1	0	1	0	0	0	0	0	1	1	1	1	1	1	1	0	1	1	1	0	1	1	1	1	1	1	0	0	1	1	1	1	0	0	0	1
B. elkanii USDA 406	1	1	1	1	1	1	1	1	1	1	1	1	1	1	0	1	0	0	0	0	1	0	1	1	1	1	0	1	1	1	1	0	1	1	1	1	1	1	0	1	1	1	1	0	1	1	1
B. elkanii USDA 130	1	1	1	1	1	1	1	1	1	1	1	1	1	1	0	1	0	0	0	0	1	0	1	1	1	1	0	1	1	1	1	0	1	1	1	1	1	1	0	1	1	1	1	1	1	1	1
B. lablabi SZCCT0009	1	1	0	0	1	0	0	1	1	0	0	1	0	1	0	1	0	0	0	0	0	0	1	1	0	1	0	0	0	1	1	0	0	1	1	1	1	1	0	0	1	0	0	0	0	0	1
B. iriomotense SZCCT0007	1	1	1	1	1	1	1	1	1	1	0	0	1	1	0	1	1	0	0	0	0	0	1	0	0	1	0	0	0	1	1	0	1	1	1	1	1	1	0	0	1	0	0	1	0	0	1
B. viridifuturi SZCCT0047	1	1	0	1	1	1	0	1	1	0	0	0	1	1	0	0	0	0	0	0	0	0	1	1	0	1	0	0	0	1	1	0	1	1	1	1	1	1	0	0	1	0	1	1	1	0	1
B. liaoningense SZCCT0008	1	1	0	1	1	1	0	1	1	0	0	0	1	1	0	1	0	0	0	0	0	0	1	0	0	1	0	0	0	1	0	0	1	1	1	1	1	1	0	0	1	0	0	0	1	0	1
B. viridifuturi SZCCT0101	1	1	0	1	1	1	0	1	1	0	0	0	1	1	0	0	0	0	0	0	0	0	1	1	0	1	0	0	0	1	1	0	1	1	1	1	1	1	0	0	1	0	1	1	1	0	1
B. denitrificans SZCCT0094	1	1	1	1	1	1	1	1	1	1	0	1	0	1	0	1	1	0	0	0	0	0	1	0	0	1	0	0	0	1	0	0	1	1	1	1	1	1	0	0	1	0	1	1	1	0	1
B. viridifuturi SZCCT0052	1	1	0	1	1	1	0	1	1	0	0	0	1	1	0	0	0	0	0	0	0	0	1	1	0	1	0	0	0	1	1	0	1	1	1	1	1	1	0	0	1	0	1	1	1	0	1
B. viridifuturi SZCCT0108	1	1	0	1	1	1	0	1	1	0	0	0	1	1	0	0	0	0	0	0	0	0	1	1	0	1	0	0	0	1	1	0	1	1	1	1	1	1	0	0	1	0	1	1	1	0	1
B. diazoefficiens SZCCT0113	1	1	0	1	1	1	0	1	1	0	0	0	0	1	0	0	1	0	0	0	0	0	1	0	0	1	0	0	0	1	0	0	1	1	1	1	1	1	0	0	1	0	1	1	0	0	1
B. manausense SZCCT0118	1	1	0	1	1	1	0	1	1	0	0	0	0	1	0	0	0	0	0	0	0	0	1	0	0	1	0	0	0	1	0	0	0	1	1	1	1	1	0	0	1	0	1	1	0	0	1
B. diazoefficiens SZCCT0122	1	1	0	1	1	1	0	1	1	0	0	0	0	1	0	0	1	0	0	0	0	0	1	0	0	1	0	0	0	1	0	0	1	1	1	1	1	1	0	0	1	0	1	1	0	0	1
B. viridifuturi SZCCT0127	1	1	0	1	1	1	0	1	1	0	0	0	1	1	0	0	0	0	0	0	0	0	1	1	0	1	0	0	0	1	1	0	1	1	1	1	1	1	0	0	1	0	1	1	0	0	1
B. diazoefficiens SZCCT0126	1	1	0	1	1	1	0	1	1	0	0	0	0	1	0	0	1	0	0	0	0	0	1	0	0	1	0	0	0	1	0	0	1	1	1	1	1	1	0	0	1	0	1	1	0	0	1
B. diazoefficiens SZCCT0130	1	1	0	1	1	1	0	1	1	0	0	0	0	1	0	0	1	0	0	0	0	0	1	0	0	1	0	0	0	1	0	0	1	1	1	1	1	1	0	0	1	0	1	1	0	0	1
B. diazoefficiens SZCCT0132	1	1	0	1	1	1	0	1	1	0	0	0	0	1	0	0	1	0	0	0	0	0	1	0	0	1	0	0	0	1	0	0	1	1	1	1	1	1	0	0	1	0	1	1	0	0	1
B. liaoningense SZCCT0133	1	1	1	1	1	1	1	1	1	0	1	1	1	1	0	0	0	0	0	0	1	1	1	1	1	1	0	1	1	1	0	0	1	1	1	1	1	0	0	0	1	1	1	0	0	1	1
B. viridifuturi SZCCT0136	1	1	0	1	1	1	0	1	1	0	0	0	1	1	0	0	0	0	0	0	0	0	1	1	0	1	0	0	0	1	1	0	1	1	1	1	1	1	0	0	1	0	1	1	1	0	1
B. viridifuturi SZCCT0135	1	1	0	1	1	1	0	1	1	0	0	0	1	1	0	0	0	0	0	0	0	0	1	1	0	1	0	0	0	1	1	0	1	1	1	1	1	1	0	0	1	0	1	1	1	0	1
B. diazoefficiens SZCCT0137	1	1	0	1	1	1	0	1	1	0	0	0	0	1	0	0	1	0	0	0	0	0	1	0	0	1	0	0	0	1	0	0	1	1	1	1	1	1	0	0	1	0	1	1	0	0	1
B. diazoefficiens SZCCT0139	1	1	0	1	1	1	0	1	1	0	0	0	0	1	0	0	1	0	0	0	0	0	1	0	0	1	0	0	0	1	0	0	1	1	1	1	1	1	0	0	1	0	1	1	0	0	1
B. diazoefficiens SZCCT0138	1	1	0	1	1	1	0	1	1	0	0	0	0	1	0	0	1	0	0	0	0	0	1	0	0	1	0	0	0	1	0	0	1	1	1	1	1	1	0	0	1	0	1	0	0	0	1
B. japonicum SZCCT0148	1	1	0	1	1	1	0	1	1	0	0	0	0	1	0	0	1	0	0	0	0	0	1	0	0	1	0	0	0	1	0	0	0	1	1	1	1	1	0	0	1	0	0	0	0	0	1
B. japonicum SZCCT0153	1	1	0	1	1	1	0	1	1	0	0	0	0	1	0	0	1	0	0	0	0	0	1	0	0	1	0	0	0	1	1	0	1	1	1	1	1	1	0	0	1	0	0	0	0	0	1
B. viridifuturi SZCCT0140	1	1	0	1	1	1	0	1	1	0	0	0	1	1	0	0	0	0	0	0	0	0	1	1	0	1	0	0	0	1	1	0	1	1	1	1	1	1	0	0	1	0	1	1	1	0	1
B. liaoningense SZCCT0154	1	1	0	1	1	1	0	1	1	0	0	0	0	1	0	1	1	0	0	0	0	0	1	0	0	1	0	0	1	1	0	0	1	1	1	1	1	1	0	0	1	1	0	0	1	0	1
B. jicamae SZCCT0215	1	1	0	1	1	1	0	1	1	0	0	0	0	1	0	0	0	0	0	0	0	0	1	0	0	1	0	0	0	1	0	0	1	1	1	1	1	1	0	0	1	0	1	0	0	1	1
B. japonicum SZCCT0231	1	1	1	1	1	1	1	1	1	1	0	0	1	1	0	0	1	0	0	0	0	0	1	0	0	1	0	0	0	1	0	0	1	1	1	1	1	0	0	0	1	0	0	0	0	0	1
B. ottawaense SZCCT0234	1	1	0	1	1	1	0	1	1	0	0	0	1	1	0	1	1	0	0	0	0	0	1	0	0	1	0	0	0	1	0	0	1	1	1	1	1	1	0	0	1	0	0	0	1	0	1
B. liaoningense SZCCT0233	1	1	1	1	1	1	1	1	1	0	1	1	0	1	0	0	0	0	0	0	1	1	1	1	1	1	0	1	1	1	0	0	1	1	1	1	1	0	0	0	1	1	1	0	0	1	1
B. diazoefficiens SZCCT0235	1	1	0	1	1	1	0	1	1	0	0	0	0	1	0	1	1	0	0	0	0	0	1	0	0	1	0	0	0	1	0	0	1	1	1	1	1	1	0	0	1	0	1	0	0	0	1
B. japonicum SZCCT0280	1	1	0	1	1	1	0	1	1	0	0	0	1	1	0	0	0	1	0	0	0	0	1	0	0	1	0	0	0	1	0	0	1	1	1	1	1	0	0	0	1	0	1	0	0	1	1
B. ottawaense SZCCT0286	1	1	0	1	1	1	0	1	1	0	0	0	1	1	0	1	1	0	0	0	0	0	1	0	0	1	0	0	0	1	0	0	1	1	1	1	1	1	0	0	1	0	0	0	1	0	1
B. ottawaense SZCCT0284	1	1	1	1	1	1	1	1	1	0	1	1	1	1	0	1	1	0	0	0	1	1	1	1	1	1	0	1	1	1	0	1	1	1	1	1	1	0	0	0	1	1	1	0	1	0	1
B. liaoningense SZCCT0285	1	1	1	1	1	1	1	1	1	0	1	1	0	1	0	0	0	0	0	0	1	1	1	1	1	1	0	1	1	1	0	0	1	1	1	1	1	0	0	0	1	1	1	1	0	1	1
B. canariense SZCCT0289	1	1	0	1	1	1	0	1	1	0	0	0	0	1	0	1	1	0	0	0	0	0	1	0	0	1	0	0	0	1	1	0	1	1	1	1	1	1	0	0	1	0	0	0	0	1	1
B. diazoefficiens SZCCT0287	1	1	1	1	1	1	1	1	1	0	1	1	1	1	0	0	0	0	0	0	1	1	1	1	1	1	0	1	1	1	1	0	1	1	1	1	1	0	0	0	1	1	1	0	0	1	1
B. tropiciagri SZCCT0294	1	1	0	0	1	0	0	1	1	0	0	1	1	1	0	0	0	0	0	0	0	0	1	1	0	1	0	0	0	1	1	0	0	1	1	1	1	1	0	0	1	0	0	0	1	1	1
B. liaoningense SZCCT0293	1	1	1	1	1	1	1	1	1	0	1	1	1	1	0	0	0	0	0	0	1	1	1	1	1	1	0	1	1	1	0	0	1	1	1	1	1	0	0	0	1	1	1	0	0	1	1
B. tropiciagri SZCCT0338	0	1	0	0	1	0	0	1	1	0	0	1	1	1	0	0	0	0	0	0	0	0	1	1	0	1	0	0	0	1	1	0	1	1	1	1	1	1	0	0	1	0	1	1	1	0	1
B. liaoningense SZCCT0337	1	1	0	1	1	1	0	1	1	0	0	0	1	1	0	1	0	0	0	0	0	0	1	0	0	1	0	0	0	1	0	0	1	1	1	1	1	0	0	0	1	0	1	0	0	0	1
B. diazoefficiens SZCCT0340	1	1	1	1	1	1	1	1	1	0	1	1	1	1	0	0	0	0	0	0	1	1	1	1	1	1	0	1	1	1	1	0	1	1	1	1	1	0	0	0	1	1	1	0	0	1	1
B. liaoningense SZCCT0342	1	1	1	1	1	1	1	1	1	0	1	1	1	1	0	0	0	0	0	0	1	1	0	1	1	1	0	1	1	1	0	0	1	1	1	1	1	0	0	0	1	1	1	0	0	1	1
B. manausense SZCCT0344	1	1	0	1	1	1	0	1	1	0	0	1	0	1	0	1	0	0	0	0	0	0	1	0	0	1	0	0	0	1	0	0	1	1	1	1	1	1	0	0	1	0	1	0	1	0	1
B. diazoefficiens SZCCT0341	1	1	1	1	1	1	1	1	1	0	1	1	1	1	0	0	0	0	0	0	1	1	1	1	1	1	0	1	1	1	1	0	1	1	1	1	1	0	0	0	1	1	1	0	0	1	1
B. manausense SZCCT0345	1	1	0	1	1	1	0	1	1	0	0	0	1	1	0	1	0	0	0	0	0	0	1	0	0	1	0	0	0	1	0	0	1	1	1	1	1	1	0	0	1	0	0	0	1	0	1
B. liaoningense SZCCT0347	1	1	0	1	1	1	0	1	1	0	0	0	1	1	0	0	0	0	0	0	0	0	1	0	0	1	0	0	0	1	0	0	1	1	1	1	1	0	0	0	1	0	0	0	0	0	1
B. jicamae SZCCT0349	1	1	0	1	1	1	0	1	1	0	0	1	1	1	0	0	0	0	0	0	0	0	1	1	0	1	0	0	0	1	0	0	1	1	1	1	1	1	0	0	1	0	1	1	0	0	1
B. liaoningense SZCCT0396	1	1	0	1	1	1	0	1	1	0	0	0	1	1	1	1	1	0	0	0	0	0	1	0	0	1	0	0	0	1	1	0	1	1	1	1	1	1	0	0	1	0	0	0	1	1	1
B. japonicum SZCCT0395	1	1	0	1	1	1	0	1	1	0	0	0	1	1	0	0	0	0	0	0	0	0	1	1	0	1	0	0	0	1	0	0	1	1	1	1	1	1	0	0	1	0	1	0	0	1	1
B. iriomotense SZCCT0346	1	1	1	1	1	1	1	1	1	1	0	0	1	1	0	1	1	0	0	0	0	0	0	0	0	1	0	0	0	1	1	0	1	1	1	1	1	1	0	0	1	0	0	0	1	0	1
B. liaoningense SZCCT0399	1	1	0	1	1	1	0	1	1	0	0	0	1	1	0	0	1	0	0	0	0	0	1	0	0	1	0	0	0	1	1	0	1	1	1	1	1	1	0	0	1	0	1	0	0	0	1
B. japonicum SZCCT0402	1	1	0	1	1	1	0	1	1	0	0	0	1	1	0	0	0	0	0	0	0	0	1	1	0	1	0	0	0	1	0	0	1	1	1	1	1	0	0	0	1	0	1	0	0	1	1
B. liaoningense SZCCT0400	1	1	0	1	1	1	0	1	1	0	0	0	1	1	0	1	1	0	0	0	0	0	1	0	0	1	0	0	0	1	1	0	1	1	1	1	1	1	0	0	1	0	0	0	1	0	1
B. japonicum SZCCT0401	1	1	0	1	1	1	0	1	1	0	0	1	1	1	0	0	0	0	0	0	0	0	1	0	0	1	0	0	0	1	0	0	1	1	1	1	1	1	0	0	1	0	0	0	0	1	1
B. liaoningense SZCCT0397	1	1	0	1	1	1	0	1	1	0	0	1	0	1	0	1	0	0	0	0	0	0	1	0	0	1	0	0	0	1	1	0	1	1	1	1	1	1	0	0	1	0	0	1	1	1	1
B. diazoefficiens SZCCT0406	1	1	0	1	1	1	0	1	1	0	0	0	0	1	0	0	0	0	0	0	0	0	1	0	0	1	0	0	0	1	1	0	0	1	1	1	1	1	0	0	1	0	0	0	0	1	1
B. japonicum SZCCT0403	1	1	0	1	1	1	0	1	1	0	0	0	1	1	0	0	0	0	0	0	0	0	1	1	0	1	0	0	0	1	0	0	1	1	1	1	1	1	0	0	1	0	1	0	0	1	1
B. manausense SZCCT0412	1	1	0	1	1	1	0	1	1	0	0	1	1	1	0	0	1	0	0	0	0	0	1	0	0	1	0	0	0	1	0	0	1	1	1	1	1	0	0	0	1	0	1	0	1	0	1
B. liaoningense SZCCT0420	1	1	0	1	1	1	0	1	1	0	0	0	0	1	0	0	1	0	0	0	0	0	1	0	0	1	0	0	0	1	0	0	1	1	1	1	1	1	0	0	1	0	0	0	1	0	1
B. manausense SZCCT0421	1	1	0	1	1	1	0	1	1	0	0	1	0	1	0	1	0	0	0	0	0	0	1	0	0	1	0	0	0	1	0	0	1	1	1	1	1	1	0	0	1	0	1	0	0	0	1
B. lablabi SZCCT0422	1	1	0	0	1	0	0	1	1	0	0	1	0	1	0	0	0	0	0	0	0	0	1	0	0	1	0	0	0	1	1	0	1	1	1	1	1	1	0	0	1	0	0	0	1	1	1
B. diazoefficiens SZCCT0423	1	1	0	1	1	1	0	1	1	0	0	0	0	1	0	1	0	0	0	0	0	0	1	0	0	0	0	0	0	1	1	0	0	1	1	1	1	1	0	0	1	0	0	0	0	1	1
B. elkanii SZCCT0424	1	1	1	1	1	1	1	1	1	1	1	1	1	1	0	1	0	0	0	0	1	0	0	1	1	1	0	1	1	1	1	0	1	1	1	1	1	1	0	1	1	1	1	0	1	1	1
B. manausense SZCCT0433	0	1	0	0	1	0	0	1	1	0	0	0	0	1	0	0	0	0	0	0	0	0	1	0	0	1	0	0	0	1	1	0	1	1	1	1	1	1	0	0	1	0	0	0	0	0	1
B. jicamae SZCCT0434	1	1	0	1	1	1	0	1	1	0	0	0	0	1	0	0	0	0	0	0	0	0	1	0	0	1	0	0	0	1	0	0	1	1	1	1	1	1	0	0	1	0	0	0	0	1	1
B. diazoefficiens SZCCT0435	1	1	0	1	1	1	0	1	1	0	0	0	0	1	0	1	1	0	0	0	0	0	1	0	0	1	0	0	0	1	0	0	1	1	1	1	1	0	0	0	1	0	0	0	0	0	1
B. diazoefficiens SZCCT0440	1	1	0	1	1	1	0	1	1	0	0	0	0	1	0	1	1	0	0	0	0	0	1	0	0	1	0	0	0	1	0	0	1	1	1	1	1	0	0	0	1	0	0	0	0	0	1
B. diazoefficiens SZCCT0449	1	1	0	1	1	1	0	1	1	0	0	0	0	1	1	1	1	0	0	0	0	0	1	0	0	1	0	0	0	1	1	0	0	1	1	1	1	1	0	0	1	0	0	0	0	0	1
B. ottawaense SZCCT0046	1	1	1	1	1	1	1	1	1	0	1	1	1	1	0	1	1	0	0	0	1	1	1	1	1	1	0	1	1	1	0	0	1	1	1	1	1	0	0	0	1	1	1	0	1	0	1
B. canariense BTA-1	1	1	1	1	1	1	1	1	1	0	1	1	1	1	0	1	0	0	0	0	1	0	1	1	0	1	0	0	0	1	0	1	1	1	1	1	1	0	0	0	1	0	1	0	0	0	1
B. yuanmingense BRP09	1	1	1	1	1	1	1	1	1	1	1	1	0	1	0	1	0	0	0	0	1	1	1	1	1	1	0	1	1	1	0	0	1	1	1	1	1	1	0	0	1	1	1	1	1	0	1
B. oropedii Pear76	1	1	1	1	1	1	1	1	1	1	1	1	1	1	0	1	0	0	0	0	0	0	1	1	1	1	0	1	1	1	1	0	1	1	1	1	1	1	0	1	1	1	1	0	0	1	1
B. altum Pear77	1	1	1	1	1	1	1	1	1	1	1	1	1	1	0	1	0	0	0	0	0	0	1	1	1	1	0	1	1	1	0	0	1	1	1	1	1	1	0	1	1	1	1	0	0	1	1
B. brasilense Cham227	1	1	1	1	1	1	1	1	1	1	1	1	1	1	0	1	0	0	0	0	1	1	1	1	1	1	0	1	1	1	1	0	1	1	1	1	1	1	0	0	1	1	1	1	1	1	1
B. ivorense Arg68	1	1	1	1	1	1	1	1	1	0	1	1	0	1	0	1	0	0	0	0	0	0	1	1	1	1	0	1	1	1	1	0	1	1	1	1	1	1	0	0	1	1	1	0	1	1	1
B. brasilense Arg62	1	1	1	1	1	1	1	1	1	0	1	1	1	1	0	1	0	0	0	0	0	0	1	1	1	1	0	1	1	1	1	0	1	1	1	1	1	1	0	0	1	1	1	0	0	1	1
B. acaciae 10BB	1	1	1	1	1	1	1	1	1	1	1	1	1	1	0	1	0	0	0	0	1	1	1	1	1	1	0	1	1	1	1	0	1	1	1	1	1	1	0	1	1	1	1	0	1	0	1
B. daqingense CCBAU 15774	1	1	1	1	1	1	1	1	1	0	1	1	1	1	0	1	0	0	0	0	1	1	1	1	1	1	0	1	1	1	0	0	1	1	1	1	1	0	0	0	1	1	1	0	0	0	1
B. canariense WSM471	1	1	1	1	1	1	1	1	1	0	1	1	1	1	0	1	0	0	0	0	1	0	1	1	0	1	0	0	0	1	0	0	1	1	1	1	1	0	0	0	1	0	1	0	1	0	1
B. arachidis CB756	1	1	1	1	1	1	1	1	1	1	1	1	1	1	0	1	1	0	0	1	1	1	1	1	1	1	0	1	1	1	0	0	1	1	1	1	1	1	0	1	1	1	1	0	0	0	1
B. diazoefficiens CB1809	1	1	1	1	1	1	1	1	1	0	1	1	0	1	0	0	1	0	0	0	1	1	1	1	1	1	0	1	1	1	1	0	1	1	1	1	1	0	0	0	1	1	0	0	0	1	1
B. canariense WU425	1	1	1	1	1	1	1	1	1	0	1	1	0	1	0	0	0	0	0	0	1	0	1	1	0	1	0	0	0	1	0	0	1	1	1	1	1	0	0	0	1	0	1	0	0	1	1
B. japonicum CC829	1	1	1	1	1	1	1	1	1	1	1	1	1	1	0	0	0	0	0	0	1	0	1	1	1	1	0	1	1	1	0	0	1	1	1	1	1	1	0	0	1	1	1	1	0	1	1
B. japonicum SEMIA 566	1	1	1	1	1	1	1	1	1	0	1	1	1	1	0	0	0	0	0	0	1	1	1	1	1	1	0	1	1	1	0	0	1	1	1	1	1	0	0	0	1	1	1	0	0	1	1
B. diazoefficiens SEMIA 5080	1	1	1	1	1	1	1	1	1	0	1	1	0	1	0	0	1	0	0	0	1	1	1	1	1	1	0	1	1	1	1	0	1	1	1	1	1	0	0	0	1	1	0	0	0	1	1
B. japonicum S 370	1	1	1	1	1	1	1	1	1	0	1	1	1	1	0	0	0	0	0	0	1	1	1	1	1	1	0	1	1	1	0	0	1	1	1	1	1	0	0	0	1	1	1	0	0	1	1
B. japonicum S 204	1	1	1	1	1	1	1	1	1	0	1	1	1	1	0	0	0	0	0	0	1	1	1	1	1	1	0	1	1	1	0	0	1	1	1	1	1	0	0	0	1	1	1	0	0	1	1
B. japonicum S 340	1	1	1	1	1	1	1	1	1	0	1	1	1	1	0	0	0	0	0	0	1	1	1	1	1	1	0	1	1	1	0	0	1	1	1	1	1	0	0	0	1	1	1	0	0	1	1
B. diazoefficiens CPAC 392	1	1	1	1	1	1	1	1	1	0	1	1	0	1	0	0	1	0	0	0	1	1	1	1	1	1	0	1	1	1	1	0	1	1	1	1	1	0	0	0	1	1	0	0	0	1	1
B. diazoefficiens CPAC 390	1	1	1	1	1	1	1	1	1	0	1	1	0	1	0	0	1	0	0	0	1	1	1	1	1	1	0	1	1	1	1	0	1	1	1	1	1	0	0	0	1	1	0	0	0	1	1
B. diazoefficiens CPAC 394	1	1	1	1	1	1	1	1	1	0	1	1	0	1	0	0	1	0	0	0	1	1	1	1	1	1	0	1	1	1	1	0	1	1	1	1	1	0	0	0	1	1	0	0	0	1	1
B. diazoefficiens SEMIA 586	1	1	1	1	1	1	1	1	1	0	1	1	0	1	0	0	1	0	0	0	1	1	1	1	1	1	0	1	1	1	1	0	1	1	1	1	1	0	0	0	1	1	0	0	0	1	1
B. japonicum S10J-BJ	1	1	1	1	1	1	1	1	1	0	1	1	1	1	0	0	0	0	0	0	1	1	1	1	1	1	0	1	1	1	0	0	1	1	1	1	1	1	0	0	1	1	1	0	0	1	1
B. japonicum S06B-BJ	1	1	1	1	1	1	1	1	1	1	1	1	1	1	0	0	0	0	0	0	1	1	1	1	1	1	0	1	1	1	0	0	1	1	1	1	1	0	0	0	1	1	1	1	0	1	1
B. diazoefficiens USDA 122-Bd	1	1	1	1	1	1	1	1	1	0	1	1	0	1	0	0	1	0	0	0	1	1	1	1	1	1	0	1	1	1	1	0	1	1	1	1	1	0	0	0	1	1	0	0	0	1	1
B. elkanii USDA 76	1	1	1	1	1	1	1	1	1	1	1	1	1	1	0	1	0	0	0	0	1	1	1	1	1	1	0	1	1	1	1	0	1	1	1	1	1	1	0	1	1	1	1	1	1	1	1
B. yuanmingense CCBAU 10071	1	1	1	1	1	1	1	1	1	0	1	1	0	1	1	1	0	0	0	0	1	1	1	1	1	1	0	1	1	1	0	0	1	1	1	1	1	0	0	0	1	1	1	1	1	0	1
B. shewense ERR11	1	1	1	1	1	1	1	1	1	1	1	1	1	1	0	1	1	0	0	1	1	1	1	1	1	1	0	1	1	1	0	1	1	1	1	1	1	0	0	1	1	1	1	0	1	0	1
B. ottawaense GAS524	1	1	0	1	1	1	0	1	1	0	0	0	0	1	0	0	1	0	0	0	0	0	1	0	0	1	0	0	0	1	1	0	1	1	1	1	1	1	0	0	1	0	1	0	1	0	1
B. brasilense R5	1	1	1	1	1	1	1	1	1	1	1	1	1	1	0	1	0	0	0	0	1	1	1	1	1	1	0	1	1	1	1	0	1	1	1	1	1	1	0	1	1	1	1	1	1	1	1
B. lablabi GAS522	1	1	0	1	1	1	0	1	1	0	0	0	0	1	0	0	1	0	0	0	0	0	1	0	0	1	0	0	0	1	1	0	1	1	1	1	1	1	0	0	1	0	1	0	1	0	1
B. canariense GAS369	1	1	0	1	1	1	0	1	1	0	0	0	1	1	0	0	1	0	0	0	0	0	1	0	0	1	0	0	0	1	0	0	1	1	1	1	1	1	0	0	1	0	1	0	0	0	1
B. erythrophlei MT12	0	1	0	0	1	0	0	1	1	0	0	0	1	1	0	0	0	0	0	0	0	0	1	1	0	1	0	0	0	1	0	0	1	1	1	1	1	1	0	0	1	0	1	0	0	0	1
B. arachidis LMG 26795	1	1	1	1	1	1	1	1	1	1	1	1	1	1	0	1	1	0	0	1	1	1	1	1	1	1	0	1	1	1	0	0	1	1	1	1	1	1	0	1	1	1	1	0	0	0	1
B. erythrophlei GAS138	0	1	0	0	1	0	0	1	1	0	0	0	0	1	0	0	1	0	0	0	1	0	1	0	0	1	0	0	0	1	0	0	1	1	1	1	1	1	0	0	1	0	0	0	1	0	1
B. erythrophlei GAS242	0	1	0	0	1	0	0	1	1	0	0	0	1	1	0	0	1	0	0	0	0	0	1	0	0	1	0	0	0	1	0	1	1	1	1	1	1	1	0	0	1	0	0	0	0	0	1
B. erythrophlei GAS478	1	1	0	1	1	1	0	1	1	0	0	0	0	1	1	0	1	0	0	0	0	0	1	0	0	1	0	0	0	1	0	0	1	1	1	1	1	1	0	0	1	0	0	0	0	0	1
B. lablabi GAS499	0	1	0	0	1	0	0	1	1	0	0	0	1	1	0	0	1	0	0	0	0	0	1	0	0	1	0	0	0	1	1	0	1	1	1	1	1	1	0	0	1	0	1	0	0	0	1
B. lablabi MT34	1	1	0	1	1	1	0	1	1	0	0	0	0	1	0	0	1	0	0	0	0	0	0	0	0	0	0	0	0	1	1	0	1	1	1	1	1	1	0	0	1	0	1	0	1	0	1
B. erythrophlei GAS401	0	1	0	0	1	0	0	1	1	0	0	0	0	1	0	1	1	0	0	0	0	0	1	0	0	1	0	0	0	1	0	0	0	1	1	1	1	1	0	0	1	0	1	0	1	0	1
B. vignae ORS3257	1	1	1	1	1	1	1	1	1	1	1	1	0	1	0	0	0	0	0	0	1	1	1	1	1	1	0	1	1	1	0	1	1	1	1	1	1	0	0	1	1	1	1	0	0	0	1
B. ivorense CI-41S	1	1	1	1	1	1	1	1	1	1	1	1	0	1	0	0	0	0	0	0	1	1	1	1	1	1	0	1	1	1	1	0	1	1	1	1	1	1	0	1	1	1	1	0	1	1	1
B. ivorense CI-1B	1	1	1	1	1	1	1	1	1	1	1	1	0	1	0	1	0	0	0	0	1	1	1	1	1	1	0	1	1	1	1	0	1	1	1	1	1	1	0	1	1	1	1	0	0	1	1
