000344805
018129525
000472865
017614905
018130895
018131015
014529705
014530645
001641695
001440035
018129985
006459165
011604665
002266465
011604645
002776695
004114445
004114955
004114475
016599855
001641635
000421305
000426845
016616235
004570865
004571045
001549695
018130485
018130585
018130635
000261765
001642675
002531995
003183845
004359355
013390305
014163415
014163435
014163455
014163475
001280585
001908315
011604625
021052285
021229375
021261415
021261445
021261465
021261485
023278165
018129685
004123905
004114915
008123425
018129645
018129705
018129755
018129785
018129805
018129925
018129935
018129965
018129995
008123965
019402665
002108675
002108695
002108725
002108745
002108755
002108775
002108805
002108825
002108845
002108865
002108875
002108905
002108965
002108995
021052245
016907215
021052305
018130615
018130665
018130985
016612535
018131105
018130465
016616885
008123515
018130785
008932115
000284275
007290395
001641335
007827835
002266435
004571025
002068095
007828015
007828095
000261585
023278145
000261605
018130795
018130925
023277985
000472745
000773865
000661935
021213785
021261305
021261335
021261355
000261645
000261665
000472945
009759665
018130725
018130855
000482425
001595995
016031635
018131185
004114535
004114545
018131145
018131165
018130305
018130565
018130685
000472685
015291705
021052265
900116675
016616425
018129465
002128415
007830205
021044685
000472725
002532025
018130425
018131235
002278135
018130265
018130405
018130035
900094605
004114485
004114435
004114935
004114465
004114425
017788805
900324035
018130825
007830635
018129405
018130765
001887695
000261545
000261565
000261625
000482525
018129855
018130275
018130445
018130525
018130595
018130835
000284375
000807315
001038185
006539645
009864815
013752735
018130735
018130365
002108935
021052365
016031625
016031655
004114975
014640515
015291685
000261785
020194315
002795245
018130245
009758375
000261825
001439885
004022285
000261805
007830575
900094575
018130955
018130945
006483445
900142985
900129505
018129385
900141755
018130695
900099825
900104755
900142345
018131005
001542415
000878305
900696075
020889745
900696085
018130215
018131115
020889785
020889685
010811875
018130545
018129445
018129505
018129535
018129585
018129745
018129885
018129905
018130025
001238275
007993935
001189235
001982635
001189845
020889705
900105845
013373795
017493175
018130505
011516645
013373785
000519225
005298095
000257685
000261525
001718185
001718205
001868735
013392765
004152955
006539665
012871055
013392745
017834125
017876705
023278185
018131045
000261505
020889715
900101405
009759865
001189245
001440015
012689435
020889755
900105125
013114835
013114825
001440395
001440475
001693515
000472965
001440415
001693385
001440385
001440405
003062295
900129425
900129675
